_dev_cas1-1_iodepth1_jobs2,1,2,0
_dev_cas1-1_iodepth1_jobs4,1,4,0
_dev_cas1-1_iodepth1_jobs2,1,2,40777.53059
41304.736842
41411.237504
41595.335725
41553.53865
41377.710027
41440.839971
41504.932962
41606.713821
42131.408962
42443.670364
43263.078344
44849.13693
46416.78633
47727.370112
48864.597052
49835.014452
50672.809264
51409.888778
52089.98999
52694.983086
53142.785708
53484.483658
53846.989758
54215.647101
54641.905128
55055.913024
55456.201647
55808.266795
56136.480059
56441.118728
56734.249821
56998.216768
57241.794985
57482.935445
57738.410413
57731.862389
57461.092607
57267.661412
57037.660656
57124.723606
57202.177368
57275.945145
57349.541596
57423.385937
57539.707283
57671.822689
57802.244767
57883.250691
57932.070737
57651.23499
57338.99571
57050.114623
56852.576635
56609.192488
56511.782176
56302.24187
56111.694912
55860.166416
55663.788937
_dev_cas1-1_iodepth1_jobs4,1,4,54764.444444
55489.484753
54939.414802
55011.261838
55233.652475
54806.462527
54776.363373
54688.692356
54840.847914
55487.042452
55676.039568
55911.646249
55954.021209
56242.08031
56679.488039
56484.458399
56281.089384
56065.257404
56038.615954
56178.607265
56045.858412
55910.19329
55697.868073
55560.967459
55432.781364
55335.658945
55290.146595
55256.494668
55092.717977
54935.628193
54788.227312
54656.172743
54559.898046
54503.268744
54518.478261
54535.45409
54496.212531
54509.877259
54597.644221
54761.890465
54904.32257
55047.768804
55064.40954
55066.557519
55079.303675
55049.238799
55010.621089
54989.433978
54973.502633
54993.478304
54933.906017
54880.207732
54923.743207
54897.636774
54903.102044
54925.711633
54958.526316
54954.293891
54942.257173
54893.643969
54898.218363
_dev_cas1-1_iodepth2_jobs1,2,1,28392.658509
28411.578947
29828.62069
30619.181586
30355.600815
30291.99797
30542.262679
30646.004292
30742.246109
32188.229376
33368.800804
34352.513172
35169.070575
35878.631745
36482.245361
37013.007317
36983.648021
36811.382565
36455.257624
36479.354935
36217.833547
36006.213434
35718.524946
35468.066528
35169.81358
34932.248282
34705.382227
34489.448168
34827.294312
35160.126372
35478.473518
35455.372725
35317.326
35122.414855
34968.880023
34930.451649
34879.757412
35019.261048
35273.289702
35513.533048
35743.672656
35742.934434
35620.407501
35482.057904
35332.565403
35470.130658
35618.066158
35532.66196
35414.637619
35294.386189
35175.83019
35114.427575
35010.646102
34911.254292
34792.172715
34684.814927
34581.426672
34488.559198
34397.633936
34320.527991
_dev_cas1-1_iodepth2_jobs2,2,2,49618.888889
51387.690689
51433.000344
51371.92623
51465.239551
51441.754148
51661.358043
54704.143507
57185.658263
58750.251661
59830.302476
59676.908908
59152.568559
60093.528273
61114.438503
62109.399461
62776.475439
63383.520516
63927.928402
64389.672066
64851.663256
65255.925892
65377.01359
65359.386049
65713.133733
66042.634023
66388.724693
66793.097307
67171.015988
67540.457914
67883.415858
68212.021177
68462.272412
68346.548289
68276.302684
68326.3618
68166.419899
67882.641292
68086.549021
68379.459729
68640.112692
68880.162154
69116.76314
69346.410552
69559.913288
69741.799377
69867.270879
69985.963676
70094.291343
70218.029851
70384.58387
70539.432901
70699.665878
70851.31625
70945.343727
71037.033748
71124.78188
71220.94758
71364.814752
71457.325711
_dev_cas1-1_iodepth1_jobs1,1,1,21623.762376
21696.335079
21559.601512
21587.423313
21651.087177
21704.441817
21746.02716
21816.35744
21826.199014
21852.378073
21891.899314
21897.367097
21899.512648
21878.724779
21860.128617
21808.085881
21841.582989
21830.563302
21815.339108
21790.788682
21793.05403
21801.495395
21808.720296
21765.19741
21757.338787
21780.198172
21776.070089
21743.038156
21723.038115
21714.753332
21690.562379
21700.416393
21722.876571
21737.699605
21717.368285
21694.09899
21708.883716
21702.930635
21722.634485
21741.776398
21739.29714
21756.770287
21765.786533
21790.985005
21807.741935
21817.740637
21812.787528
21815.523857
21831.22587
21833.727029
21844.470611
21850.488875
21853.484903
21867.746539
21861.225826
21871.319325
21869.733886
21871.741793
21853.770625
21855.811239
21855.769071
