1 10000
2 9166
3 9166
4 9166
5 9166
6 9166
7 9166
8 9166
9 9166
10 9166
11 9166
12 9166
13 9166
14 9166
15 9289
16 9403
17 9403
18 9409
19 9356
20 9231
21 9166
22 9166
23 9166
24 9166
25 9166
26 9166
27 9166
28 9166
29 9166
30 9166
31 9166
32 9166
33 9166
34 9166
35 9166
36 9166
37 9166
38 9231
39 9343
40 9408
41 9420
42 9423
43 9306
44 9189
45 9166
46 9166
47 9166
48 9166
49 9166
50 9166
51 9166
52 9166
53 9166
54 9166
55 9166
56 9166
57 9166
58 9217
59 9332
60 9411
61 9399
62 9399
63 9312
64 9194
65 9197
66 9308
67 9405
68 9399
69 9408
70 9420
71 9417
72 9417
73 9390
74 9388
75 9399
76 9399
77 9390
78 9277
79 9166
80 9166
81 9166
82 9219
83 9346
84 9408
85 9399
86 9341
87 9243
88 9166
89 9166
90 9166
91 9272
92 9379
93 9385
94 9388
95 9358
96 9254
97 9166
98 9166
99 9166
100 9166
101 9166
102 9166
103 9166
104 9166
105 9166
106 9166
107 9166
108 9166
109 9243
110 9352
111 9399
112 9408
113 9315
114 9166
115 9166
116 9166
117 9166
118 9166
119 9166
120 9166
121 9166
122 9166
123 9166
124 9166
125 9166
126 9166
127 9166
128 9166
129 9166
130 9166
131 9166
132 9166
133 9166
134 9166
135 9320
136 9402
137 9397
138 9399
139 9297
140 9166
141 9166
142 9166
143 9166
144 9289
145 9397
146 9405
147 9402
148 9367
149 9289
150 9317
151 9399
152 9408
153 9408
154 9343
155 9223
156 9272
157 9402
158 9408
159 9408
160 9390
161 9268
162 9166
163 9166
164 9166
165 9166
166 9166
167 9166
168 9166
169 9166
170 9166
171 9166
172 9166
173 9166
174 9166
175 9166
176 9166
177 9166
178 9166
179 9166
180 9166
181 9166
182 9166
183 9166
184 9166
185 9166
186 9166
187 9166
188 9166
189 9166
190 9166
191 9166
192 9166
193 9166
194 9166
195 9166
196 9166
197 9166
198 9214
199 9332
200 9411
201 9408
202 9411
203 9332
204 9209
205 9166
206 9166
207 9166
208 9226
209 9329
210 9390
211 9388
212 9405
213 9312
214 9200
215 9254
216 9358
217 9397
218 9399
219 9385
220 9274
221 9166
222 9166
223 9166
224 9166
225 9166
226 9272
227 9379
228 9405
229 9405
230 9379
231 9257
232 9166
233 9166
234 9166
235 9166
236 9166
237 9166
238 9166
239 9166
240 9166
241 9166
242 9166
243 9166
244 9166
245 9166
246 9166
247 9166
248 9166
249 9166
250 9166
251 9166
252 9166
253 9166
254 9166
255 9166
256 9166
257 9166
258 9166
259 9259
260 9378
261 9401
262 9384
263 9369
264 9271
265 9166
266 9166
267 9166
268 9166
269 9166
270 9166
271 9166
272 9166
273 9166
274 9166
275 9166
276 9166
277 9166
278 9166
279 9166
280 9166
281 9166
282 9166
283 9166
284 9166
285 9346
286 9407
287 9407
288 9416
289 9387
290 9279
291 9166
292 9166
293 9166
294 9166
295 9225
296 9340
297 9378
298 9262
299 9166
300 9166
301 9166
